               -556.4106465959
          0.000015747      -0.000008039       0.000027771
         -0.000008038       0.000033416      -0.000001333
          0.000027772      -0.000001333       0.000009709
          10
  1    56       0.012253781       0.017513126       0.055728620  Ba
  1    56      -0.145016909      -0.143752105       0.150657354  Ba
  2    22      -0.081075797       0.183123525      -0.101937836  Ti
  2    22      -0.024213272       0.137855874      -0.137308937  Ti
  3     8      -0.027419522      -0.158777777       0.154545262  O
  3     8       0.076844593       0.101203981      -0.243043828  O
  3     8       0.004864434      -0.158270306       0.124009057  O
  3     8      -0.006956909      -0.040561842       0.011708428  O
  3     8       0.091280156      -0.013567243      -0.070571239  O
  3     8       0.098723784       0.075972497       0.055810855  O
