    18
     1   -0.087393   -0.080774   -0.000497       0.037037
     2   -0.000901   -0.079716   -0.000976       0.037037
     3    0.085592   -0.078657   -0.001455       0.037037
     4   -0.086492   -0.001059    0.000479       0.037037
     5    0.000000    0.000000    0.000000       0.037037
     6    0.086492    0.001059   -0.000479       0.037037
     7   -0.085592    0.078657    0.001455       0.037037
     8    0.000901    0.079716    0.000976       0.037037
     9    0.087393    0.080774    0.000497       0.037037
    10   -0.087771   -0.079869    0.073439       0.074074
    11   -0.001279   -0.078811    0.072960       0.074074
    12    0.085214   -0.077752    0.072481       0.074074
    13   -0.086871   -0.000153    0.074415       0.074074
    14   -0.000378    0.000905    0.073936       0.074074
    15    0.086114    0.001964    0.073456       0.074074
    16   -0.085970    0.079562    0.075391       0.074074
    17    0.000523    0.080621    0.074911       0.074074
    18    0.087015    0.081679    0.074432       0.074074
