               -556.3977006310
          0.000019397      -0.000003383       0.000026968
         -0.000003168       0.000009743      -0.000017287
          0.000026677      -0.000017136       0.000037264
          10
  1    56      -0.050680762      -0.051225393       0.054470164  Ba
  1    56      -0.051074245      -0.036662465       0.063692220  Ba
  2    22      -0.090062480       0.152177191      -0.129914444  Ti
  2    22       0.004419008       0.201053695      -0.166941655  Ti
  3     8       0.006411340      -0.182504047       0.175187302  O
  3     8      -0.064872415       0.005211565      -0.188556528  O
  3     8      -0.004216202      -0.123748930       0.155836629  O
  3     8       0.049012694      -0.063268594       0.018789738  O
  3     8       0.081390698      -0.005186740      -0.065330809  O
  3     8       0.120225476       0.104325696       0.081900002  O
