    18
     1   -0.095995   -0.093072   -0.001749       0.037037
     2   -0.000847   -0.092077   -0.001747       0.037037
     3    0.094302   -0.091082   -0.001744       0.037037
     4   -0.095149   -0.000995   -0.000003       0.037037
     5    0.000000    0.000000    0.000000       0.037037
     6    0.095149    0.000995    0.000003       0.037037
     7   -0.094302    0.091082    0.001744       0.037037
     8    0.000847    0.092077    0.001747       0.037037
     9    0.095995    0.093072    0.001749       0.037037
    10   -0.095993   -0.091452    0.071056       0.074074
    11   -0.000845   -0.090457    0.071059       0.074074
    12    0.094304   -0.089461    0.071061       0.074074
    13   -0.095147    0.000625    0.072803       0.074074
    14    0.000002    0.001620    0.072805       0.074074
    15    0.095151    0.002615    0.072808       0.074074
    16   -0.094300    0.092702    0.074549       0.074074
    17    0.000849    0.093697    0.074552       0.074074
    18    0.095998    0.094692    0.074555       0.074074
