               -556.3710697095
         -0.000014828      -0.000025319       0.000050324
         -0.000025794       0.000031577       0.000020974
          0.000049928       0.000020270      -0.000090638
          10
  1    56      -0.029070887      -0.009973353       0.205941180  Ba
  1    56      -0.215286507      -0.196665172       0.239227624  Ba
  2    22      -0.039873484       0.196694099      -0.140853953  Ti
  2    22       0.006478289       0.144611574      -0.076148372  Ti
  3     8      -0.000744224      -0.163115559       0.110832596  O
  3     8       0.104521897       0.141723661      -0.361210165  O
  3     8      -0.006472065      -0.168286973       0.116326115  O
  3     8       0.028921749      -0.019626268       0.048051850  O
  3     8       0.028553173      -0.038455650      -0.168556096  O
  3     8       0.122507331       0.112924447       0.027058052  O
