    18
     1   -0.097220   -0.079956   -0.001474       0.037037
     2   -0.001071   -0.078697   -0.001783       0.037037
     3    0.095078   -0.077439   -0.002091       0.037037
     4   -0.096149   -0.001259    0.000308       0.037037
     5    0.000000    0.000000    0.000000       0.037037
     6    0.096149    0.001259   -0.000308       0.037037
     7   -0.095078    0.077439    0.002091       0.037037
     8    0.001071    0.078697    0.001783       0.037037
     9    0.097220    0.079956    0.001474       0.037037
    10   -0.097464   -0.078303    0.083828       0.074074
    11   -0.001314   -0.077044    0.083520       0.074074
    12    0.094835   -0.075785    0.083211       0.074074
    13   -0.096393    0.000395    0.085610       0.074074
    14   -0.000243    0.001653    0.085302       0.074074
    15    0.095906    0.002912    0.084994       0.074074
    16   -0.095321    0.079092    0.087393       0.074074
    17    0.000828    0.080351    0.087085       0.074074
    18    0.096977    0.081610    0.086777       0.074074
