               -559.1564008938
         -0.001515761       0.000000000      -0.000000000
          0.000000000       0.003103939      -0.000000000
         -0.000000000       0.000000000       0.002977486
          10
  1    56      -0.000000011       0.000000000      -0.136152798  Ba
  1    56      -0.000000011      -0.000000000      -0.136152800  Ba
  2    22      -0.000000009       0.000000000      -0.337030552  Ti
  2    22      -0.000000009      -0.000000000      -0.337030548  Ti
  3     8      -0.000000000      -0.066433739       0.126595161  O
  3     8       0.000000004       0.066433739       0.126595161  O
  3     8      -0.000000000      -0.066433742       0.126595162  O
  3     8       0.000000004       0.066433742       0.126595162  O
  3     8       0.000000010      -0.000000000       0.219699359  O
  3     8       0.000000010      -0.000000000       0.219699357  O
