    18
     1   -0.093405   -0.079472    0.000000       0.037037
     2    0.000000   -0.079472    0.000000       0.037037
     3    0.093405   -0.079472    0.000000       0.037037
     4   -0.093405    0.000000    0.000000       0.037037
     5    0.000000    0.000000    0.000000       0.037037
     6    0.093405    0.000000    0.000000       0.037037
     7   -0.093405    0.079472    0.000000       0.037037
     8    0.000000    0.079472    0.000000       0.037037
     9    0.093405    0.079472    0.000000       0.037037
    10   -0.093405   -0.079472    0.073710       0.074074
    11    0.000000   -0.079472    0.073710       0.074074
    12    0.093405   -0.079472    0.073710       0.074074
    13   -0.093405    0.000000    0.073710       0.074074
    14    0.000000    0.000000    0.073710       0.074074
    15    0.093405    0.000000    0.073710       0.074074
    16   -0.093405    0.079472    0.073710       0.074074
    17    0.000000    0.079472    0.073710       0.074074
    18    0.093405    0.079472    0.073710       0.074074
