               -556.4968913422
         -0.000037737      -0.000005554       0.000034798
         -0.000005928      -0.000010955       0.000029127
          0.000034711       0.000029019      -0.000056429
          10
  1    56      -0.042209087      -0.032194791       0.071038707  Ba
  1    56      -0.142028372      -0.080611565       0.213131928  Ba
  2    22       0.089017716       0.064223885      -0.057949291  Ti
  2    22       0.022060279       0.081509336      -0.042341631  Ti
  3     8       0.021051759      -0.085827032       0.051489979  O
  3     8       0.007963714       0.044951084      -0.214983083  O
  3     8      -0.013941585      -0.079711631       0.049743640  O
  3     8       0.051664044      -0.000284076       0.016130900  O
  3     8      -0.096140410      -0.033202286      -0.037479977  O
  3     8       0.102420211       0.120532344      -0.048224311  O
