    18
     1   -0.107776   -0.080255   -0.000698       0.037037
     2   -0.000571   -0.079584   -0.000766       0.037037
     3    0.106634   -0.078913   -0.000834       0.037037
     4   -0.107205   -0.000671    0.000068       0.037037
     5    0.000000    0.000000    0.000000       0.037037
     6    0.107205    0.000671   -0.000068       0.037037
     7   -0.106634    0.078913    0.000834       0.037037
     8    0.000571    0.079584    0.000766       0.037037
     9    0.107776    0.080255    0.000698       0.037037
    10   -0.107830   -0.079544    0.073555       0.074074
    11   -0.000625   -0.078873    0.073487       0.074074
    12    0.106581   -0.078202    0.073419       0.074074
    13   -0.107259    0.000040    0.074322       0.074074
    14   -0.000054    0.000711    0.074254       0.074074
    15    0.107152    0.001382    0.074186       0.074074
    16   -0.106688    0.079624    0.075088       0.074074
    17    0.000517    0.080295    0.075020       0.074074
    18    0.107723    0.080966    0.074952       0.074074
