               -556.4103559073
          0.000003300      -0.000007907       0.000029653
         -0.000007907       0.000023305       0.000005590
          0.000029656       0.000005590      -0.000015595
          10
  1    56       0.010789826       0.020507503       0.080144140  Ba
  1    56      -0.178857151      -0.165438177       0.236041760  Ba
  2    22      -0.023546299       0.145608139      -0.084108327  Ti
  2    22      -0.030457616       0.109544301      -0.119368186  Ti
  3     8      -0.038590991      -0.132419749       0.127260022  O
  3     8       0.113780060       0.125389509      -0.249404567  O
  3     8       0.006897850      -0.136094507       0.105254682  O
  3     8      -0.007183705      -0.032743256       0.009773903  O
  3     8       0.055151610      -0.008814966      -0.089464951  O
  3     8       0.091891371       0.075063360      -0.016681735  O
