    18
     1   -0.081798   -0.081050   -0.000771       0.037037
     2   -0.001129   -0.079724   -0.001390       0.037037
     3    0.079541   -0.078397   -0.002008       0.037037
     4   -0.080670   -0.001327    0.000618       0.037037
     5    0.000000    0.000000    0.000000       0.037037
     6    0.080670    0.001327   -0.000618       0.037037
     7   -0.079541    0.078397    0.002008       0.037037
     8    0.001129    0.079724    0.001390       0.037037
     9    0.081798    0.081050    0.000771       0.037037
    10   -0.082286   -0.079761    0.072953       0.074074
    11   -0.001617   -0.078435    0.072335       0.074074
    12    0.079053   -0.077108    0.071716       0.074074
    13   -0.081158   -0.000037    0.074343       0.074074
    14   -0.000488    0.001289    0.073724       0.074074
    15    0.080182    0.002616    0.073106       0.074074
    16   -0.080029    0.079686    0.075733       0.074074
    17    0.000641    0.081013    0.075114       0.074074
    18    0.081310    0.082339    0.074496       0.074074
