    18
     1    0.000016    0.000016   -0.528480       0.037037
     2   -0.264242    0.264258   -0.264240       0.037037
     3   -0.528500    0.528500    0.000000       0.037037
     4    0.264258   -0.264242   -0.264240       0.037037
     5    0.000000    0.000000    0.000000       0.037037
     6   -0.264258    0.264242    0.264240       0.037037
     7    0.528500   -0.528500   -0.000000       0.037037
     8    0.264242   -0.264258    0.264240       0.037037
     9   -0.000016   -0.000016    0.528480       0.037037
    10    0.264256    0.264255   -0.792736       0.074074
    11   -0.000003    0.528497   -0.528496       0.074074
    12   -0.264261    0.792739   -0.264256       0.074074
    13    0.528498   -0.000003   -0.528496       0.074074
    14    0.264240    0.264239   -0.264256       0.074074
    15   -0.000019    0.528481   -0.000016       0.074074
    16    0.792740   -0.264261   -0.264256       0.074074
    17    0.528482   -0.000019   -0.000016       0.074074
    18    0.264223    0.264223    0.264223       0.074074
