               -556.6641140571
         -0.000032674       0.000010685       0.000009347
          0.000010685      -0.000004248       0.000012082
          0.000009347       0.000012082       0.000022010
          10
  1    56       0.025087382       0.011718736      -0.026091091  Ba
  1    56       0.045019749       0.053341264      -0.077571258  Ba
  2    22       0.396395078      -0.031521636      -0.044916002  Ti
  2    22       0.002321731      -0.019775558       0.049961100  Ti
  3     8      -0.034232546       0.025095571       0.027230056  O
  3     8      -0.094568039      -0.033310309      -0.062329787  O
  3     8      -0.033846096      -0.012235732      -0.051638529  O
  3     8      -0.026886671      -0.008780911      -0.017570229  O
  3     8      -0.352734911      -0.018850199       0.093483677  O
  3     8       0.072651028       0.033702271       0.111620362  O
