    18
     1   -0.082474   -0.082967   -0.003420       0.037037
     2   -0.002135   -0.080458   -0.003681       0.037037
     3    0.078204   -0.077949   -0.003942       0.037037
     4   -0.080339   -0.002509    0.000261       0.037037
     5    0.000000    0.000000    0.000000       0.037037
     6    0.080339    0.002509   -0.000261       0.037037
     7   -0.078204    0.077949    0.003942       0.037037
     8    0.002135    0.080458    0.003681       0.037037
     9    0.082474    0.082967    0.003420       0.037037
    10   -0.082680   -0.079553    0.068411       0.074074
    11   -0.002341   -0.077044    0.068150       0.074074
    12    0.077998   -0.074535    0.067889       0.074074
    13   -0.080545    0.000905    0.072092       0.074074
    14   -0.000206    0.003414    0.071831       0.074074
    15    0.080133    0.005923    0.071570       0.074074
    16   -0.078410    0.081363    0.075773       0.074074
    17    0.001929    0.083872    0.075512       0.074074
    18    0.082268    0.086382    0.075251       0.074074
