               -556.4745833923
          0.000015586       0.000002275       0.000013243
          0.000002276       0.000014756       0.000008127
          0.000013243       0.000008127      -0.000010363
          10
  1    56       0.007438819       0.008606594       0.017496766  Ba
  1    56      -0.047482001      -0.062170189       0.100106433  Ba
  2    22      -0.034804165       0.095039172      -0.054402130  Ti
  2    22       0.003982915       0.075012529      -0.065669933  Ti
  3     8      -0.018019784      -0.080363054       0.075262849  O
  3     8      -0.016449899       0.021508676      -0.136173972  O
  3     8      -0.008630996      -0.077667855       0.062220537  O
  3     8      -0.006418034      -0.042223522       0.032289920  O
  3     8       0.038964834      -0.014910618      -0.018460206  O
  3     8       0.081274123       0.076008056      -0.012519350  O
