    18
     1   -0.089830   -0.080802   -0.000790       0.037037
     2   -0.001051   -0.079566   -0.001239       0.037037
     3    0.087727   -0.078331   -0.001687       0.037037
     4   -0.088778   -0.001236    0.000449       0.037037
     5    0.000000    0.000000    0.000000       0.037037
     6    0.088778    0.001236   -0.000449       0.037037
     7   -0.087727    0.078331    0.001687       0.037037
     8    0.001051    0.079566    0.001239       0.037037
     9    0.089830    0.080802    0.000790       0.037037
    10   -0.090184   -0.079654    0.072801       0.074074
    11   -0.001406   -0.078418    0.072352       0.074074
    12    0.087372   -0.077182    0.071903       0.074074
    13   -0.089132   -0.000087    0.074040       0.074074
    14   -0.000354    0.001149    0.073591       0.074074
    15    0.088424    0.002385    0.073142       0.074074
    16   -0.088081    0.079479    0.075278       0.074074
    17    0.000697    0.080715    0.074829       0.074074
    18    0.089475    0.081951    0.074381       0.074074
