               -560.1559347815
          0.000000407      -0.000000002       0.000000010
         -0.000000002       0.000000506       0.000000021
          0.000000010       0.000000021      -0.000000647
          10
  1    56      -0.000005250       0.000039339      -0.000010714  Ba
  1    56      -0.000006351      -0.000021830      -0.000036893  Ba
  2    22       0.000005137       0.000004166       0.000032724  Ti
  2    22       0.000005473      -0.000018279       0.000077482  Ti
  3     8      -0.000000191       0.000079314      -0.000036555  O
  3     8      -0.000000262      -0.000073582      -0.000018475  O
  3     8      -0.000000122       0.000086248      -0.000029532  O
  3     8      -0.000000162      -0.000086224      -0.000036485  O
  3     8       0.000000228      -0.000001784      -0.000004270  O
  3     8      -0.000000228      -0.000000552      -0.000007388  O
